# copy_of_chicken
v 18.173000 14.848000 20.250000
v 18.173000 18.070999 20.250000
v 16.101999 18.070999 22.320999
v 16.101999 14.848000 22.320999
v 14.031000 18.070999 20.250000
v 16.173000 14.848000 21.320999
v 17.708500 14.848000 19.785500
v 11.031000 16.070999 16.179001
v 11.832000 14.071000 15.378000
v 17.708500 16.070999 19.785500
v 16.173000 8.070000 21.320999
v 21.315001 8.070000 16.179001
v 21.315001 16.070999 16.179001
v 25.000999 5.402000 10.750000
v 20.443090 8.070000 15.307091
v 19.429001 8.070000 16.320999
v 19.429001 5.402000 16.320999
v 17.801001 5.402000 14.693000
v 21.315001 5.402000 11.179000
v 17.801001 8.070000 14.693000
v 16.173000 8.070000 16.320999
v 20.443090 14.071000 15.307091
v 11.832078 8.844000 6.121922
v 11.031000 8.844000 5.321000
v 11.031000 2.070000 5.321000
v 11.832078 5.402000 6.121922
v 13.960285 5.402000 8.249715
v 16.173000 3.070000 16.320999
v 21.315001 3.070000 11.179000
v 13.960285 3.070000 8.249715
v 16.173000 3.070000 10.462000
v 16.173000 2.070000 10.462000
v 14.566500 16.070999 19.714500
v 14.566500 14.848000 19.714500
v 14.031000 14.848000 20.250000
v 18.385715 3.070000 8.249715
v 12.775000 8.070000 16.320999
v 14.474000 8.070000 14.622000
v 16.101999 18.070999 18.179001
v 16.101999 16.070999 18.179001
v 12.775000 5.402000 16.320999
v 14.474000 5.402000 14.622000
v 11.832000 8.070000 15.378000
v 11.031000 8.070000 16.179001
v 25.000999 14.071000 10.750000
v 16.173000 16.070999 12.606000
v 15.388445 16.070999 11.821555
v 16.957500 16.070999 11.821500
v 16.957500 14.071000 11.821500
v 15.388445 14.071000 11.821555
v 21.514687 14.071000 7.264313
v 18.385715 5.402000 8.249715
v 20.443007 5.402000 6.192824
v 16.173000 8.844000 0.179000
v 20.443007 8.844000 6.192824
v 21.315001 8.844000 5.321000
v 21.514687 8.844000 7.264313
v 21.315001 2.070000 5.321000
v 16.173000 2.070000 0.179000
v 16.173000 8.844000 12.606000
v 7.204000 14.071000 10.750000
v 10.760121 14.071000 7.193879
v 10.760121 8.844000 7.193879
v 7.204000 5.402000 10.750000
v 11.031000 5.402000 11.179000
v 11.031000 3.070000 11.179000
vn 0.707107 0.000000 0.707107,
vn 0.707107 0.000000 0.707107,
vn 0.000000 -1.000000 0.000000,
vn 0.000000 -1.000000 0.000000,
vn 0.707107 0.000000 -0.707107,
vn 0.707107 0.000000 -0.707107,
vn 0.707107 0.000000 0.707107,
vn 0.707107 0.000000 0.707107,
vn 0.707107 0.000000 0.707107,
vn 0.707107 0.000000 0.707107,
vn 0.707043 0.000000 0.707170,
vn 0.707043 0.000000 0.707170,
vn 0.000000 -1.000000 0.000000,
vn 0.000000 -1.000000 0.000000,
vn -0.707107 0.000000 0.707107,
vn -0.707107 0.000000 0.707107,
vn 0.000000 -1.000000 0.000000,
vn 0.000000 -1.000000 0.000000,
vn 0.000000 -1.000000 0.000000,
vn 0.000000 -1.000000 0.000000,
vn 0.707107 0.000000 -0.707107,
vn 0.707107 0.000000 -0.707107,
vn -0.707038 0.000000 0.707176,
vn -0.707038 0.000000 0.707176,
vn -0.707038 0.000000 0.707176,
vn -0.707038 0.000000 0.707176,
vn 0.707107 0.000000 0.707107,
vn 0.707107 0.000000 0.707107,
vn -0.707038 0.000000 0.707176,
vn -0.707038 0.000000 0.707176,
vn 0.707107 0.000000 0.707107,
vn 0.707107 0.000000 0.707107,
vn -0.707107 0.000000 -0.707107,
vn -0.707107 0.000000 -0.707107,
vn 0.000000 -1.000000 0.000000,
vn 0.000000 -1.000000 0.000000,
vn 0.000000 -1.000000 0.000000,
vn 0.000000 -1.000000 0.000000,
vn -0.707107 0.000000 0.707107,
vn -0.707107 0.000000 0.707107,
vn 0.000000 1.000000 0.000000,
vn 0.000000 -1.000000 0.000000,
vn 0.000000 -1.000000 0.000000,
vn 0.000000 -1.000000 0.000000,
vn -0.707107 0.000000 0.707107,
vn -0.707107 0.000000 0.707107,
vn -0.707107 0.000000 0.707107,
vn -0.707107 0.000000 -0.707107,
vn -0.707107 0.000000 -0.707107,
vn 0.707107 0.000000 0.707107,
vn 0.707107 0.000000 0.707107,
vn 0.000000 1.000000 0.000000,
vn 0.707107 0.000000 -0.707107,
vn 0.707107 0.000000 -0.707107,
vn -0.707107 0.000000 -0.707107,
vn -0.707107 0.000000 -0.707107,
vn 0.000000 -1.000000 0.000000,
vn 0.000000 1.000000 0.000000,
vn -0.707107 0.000000 0.707107,
vn 0.707043 0.000000 0.707170,
vn 0.707043 0.000000 0.707170,
vn 0.000000 1.000000 0.000000,
vn -0.707107 0.000000 0.707107,
vn -0.707107 0.000000 0.707107,
vn 0.707057 0.000000 -0.707156,
vn -0.707107 0.000000 -0.707107,
vn -0.707107 0.000000 -0.707107,
vn 0.000000 1.000000 0.000000,
vn 0.000000 1.000000 0.000000,
vn -0.707107 0.000000 0.707107,
vn -0.707107 0.000000 0.707107,
vn 0.000000 1.000000 0.000000,
vn 0.000000 1.000000 0.000000,
vn 0.707057 0.000000 -0.707156,
vn 0.000000 1.000000 0.000000,
vn 0.000000 1.000000 0.000000,
vn -0.707107 0.000000 -0.707107,
vn -0.707107 0.000000 -0.707107,
vn 0.707107 0.000000 -0.707107,
vn 0.707107 0.000000 -0.707107,
vn 0.000000 -1.000000 0.000000,
vn 0.000000 -1.000000 0.000000,
vn -0.707107 0.000000 -0.707107,
vn 0.707043 0.000000 -0.707170,
vn 0.707107 0.000000 -0.707107,
vn 0.707107 0.000000 -0.707107,
vn 0.707043 0.000000 -0.707170,
vn 0.707043 0.000000 -0.707170,
vn 0.707043 0.000000 -0.707170,
vn 0.000000 1.000000 0.000000,
vn 0.000000 1.000000 0.000000,
vn 0.000000 1.000000 0.000000,
vn 0.000000 1.000000 0.000000,
vn 0.000000 1.000000 0.000000,
vn -0.707107 0.000000 -0.707107,
vn 0.707107 0.000000 -0.707107,
vn 0.707107 0.000000 -0.707107,
vn 0.707057 0.000000 -0.707156,
vn 0.000000 1.000000 0.000000,
vn 0.707038 0.000000 0.707176,
vn 0.707038 0.000000 0.707176,
vn 0.707038 0.000000 0.707176,
vn 0.707038 0.000000 0.707176,
vn 0.707038 0.000000 0.707176,
vn 0.707038 0.000000 0.707176,
vn -0.707107 0.000000 -0.707107,
vn -0.707107 0.000000 -0.707107,
vn 0.000000 -1.000000 0.000000,
vn 0.000000 -1.000000 0.000000,
vn -0.707107 0.000000 -0.707107,
vn -0.707107 0.000000 -0.707107,
vn -0.707107 0.000000 -0.707107,
vn -0.707107 0.000000 -0.707107,
vn 0.000000 -1.000000 0.000000,
vn 0.000000 -1.000000 0.000000,
vn 0.000000 1.000000 0.000000,
vn 0.000000 1.000000 0.000000,
vn 0.707057 0.000000 -0.707156,
vn -0.707107 0.000000 -0.707107,
vn -0.707107 0.000000 -0.707107,
vn 0.000000 -1.000000 0.000000,
vn 0.000000 -1.000000 0.000000,
vn 0.000000 -1.000000 0.000000,
vn 0.000000 -1.000000 0.000000,
vn -0.707107 0.000000 0.707107,
vn -0.707107 0.000000 0.707107,
vn -0.707107 0.000000 0.707107,
vn -0.707107 0.000000 0.707107,
f 1//1 2//1 3//1
f 1//4 3//4 4//4
f 7//7 1//7 6//7
f 4//10 6//10 1//10
f 7//13 10//13 1//13
f 2//16 1//16 10//16
f 12//19 7//19 11//19
f 6//22 11//22 7//22
f 10//25 7//25 13//25
f 12//28 13//28 7//28
f 16//31 17//31 15//31
f 14//34 15//34 17//34
f 17//37 18//37 19//37
f 17//40 19//40 14//40
f 16//43 20//43 18//43
f 16//46 18//46 17//46
f 15//49 12//49 16//49
f 11//52 16//52 12//52
f 20//55 16//55 21//55
f 11//58 21//58 16//58
f 15//61 22//61 12//61
f 13//64 12//64 22//64
f 25//67 26//67 24//67
f 23//70 24//70 26//70
f 25//73 30//73 26//73
f 27//76 26//76 30//76
f 29//79 18//79 28//79
f 19//82 18//82 29//82
f 25//85 32//85 30//85
f 31//88 30//88 32//88
f 21//91 28//91 18//91
f 21//94 18//94 20//94
f 34//97 35//97 33//97
f 5//100 33//100 35//100
f 36//103 29//103 31//103
f 34//106 6//106 35//106
f 4//109 35//109 6//109
f 28//112 31//112 29//112
f 3//115 5//115 35//115
f 3//118 35//118 4//118
f 2//121 39//121 3//121
f 11//124 44//124 37//124
f 38//127 21//127 37//127
f 11//130 37//130 21//130
f 11//133 34//133 44//133
f 33//136 8//136 34//136
f 6//139 34//139 11//139
f 40//142 33//142 39//142
f 5//145 39//145 33//145
f 37//148 41//148 42//148
f 37//151 42//151 38//151
f 5//154 3//154 39//154
f 40//157 39//157 10//157
f 2//160 10//160 39//160
f 43//163 44//163 9//163
f 8//166 9//166 44//166
f 43//169 37//169 44//169
f 40//172 10//172 13//172
f 44//175 34//175 8//175
f 22//178 15//178 45//178
f 14//181 45//181 15//181
f 46//184 8//184 40//184
f 9//187 61//187 43//187
f 37//190 43//190 41//190
f 46//193 50//193 47//193
f 47//196 9//196 8//196
f 49//199 46//199 48//199
f 47//202 8//202 46//202
f 33//205 40//205 8//205
f 21//208 38//208 42//208
f 21//211 42//211 28//211
f 40//214 13//214 46//214
f 48//217 46//217 13//217
f 46//220 60//220 50//220
f 49//223 22//223 51//223
f 45//226 51//226 22//226
f 46//229 49//229 60//229
f 51//232 57//232 49//232
f 13//235 22//235 48//235
f 49//238 48//238 22//238
f 19//241 52//241 53//241
f 19//244 53//244 14//244
f 47//247 50//247 9//247
f 55//250 57//250 53//250
f 54//253 56//253 58//253
f 54//256 58//256 59//256
f 51//259 45//259 57//259
f 45//262 14//262 57//262
f 53//265 57//265 14//265
f 56//268 54//268 55//268
f 24//271 23//271 54//271
f 63//274 60//274 23//274
f 60//277 57//277 55//277
f 54//280 23//280 55//280
f 60//283 49//283 57//283
f 19//286 29//286 52//286
f 36//289 52//289 29//289
f 62//292 50//292 63//292
f 60//295 55//295 23//295
f 31//298 32//298 36//298
f 58//301 36//301 32//301
f 58//304 56//304 53//304
f 52//307 36//307 53//307
f 58//310 53//310 36//310
f 56//313 55//313 53//313
f 24//316 54//316 59//316
f 24//319 59//319 25//319
f 58//322 32//322 59//322
f 25//325 59//325 32//325
f 61//328 62//328 63//328
f 23//331 26//331 63//331
f 26//334 64//334 63//334
f 61//337 63//337 64//337
f 27//340 65//340 26//340
f 64//343 26//343 65//343
f 61//346 9//346 62//346
f 50//349 62//349 9//349
f 60//352 63//352 50//352
f 66//355 65//355 27//355
f 66//358 27//358 30//358
f 30//361 31//361 66//361
f 28//364 66//364 31//364
f 41//367 64//367 65//367
f 41//370 65//370 42//370
f 41//373 43//373 64//373
f 61//376 64//376 43//376
f 42//379 65//379 66//379
f 42//382 66//382 28//382
